c0007s0001t01/

--------------------------------------------------------------------------------------
 Mapping parameters
--------------------------------------------------------------------------------------
 ANTSPATH is /home/despoB/dlurie/Software/ants-2.2.0/bin/

 Dimensionality:           3
 Output name prefix:       /home/despoB/cathwang/native/native_2/c0007/c0007s0001t01//forks/Output_brain_ANTS/SyN/MNItoT1_
 Fixed images:             /home/despoB/cathwang/native/native_2/c0007/c0007s0001t01//forks/Output_brain_ANTS/OutputBrainExtractionBrain.nii.gz
 Moving images:            /home/despoC/ioannis/Imaging_general/MNI_templates/MNI152_T1_1mm_Brain.nii.gz
 Mask images:              /home/despoB/cathwang/native/native_2/c0007/c0007s0001t01//bin_r_c0007s0001t01_lesionMaskNeg.nii.gz
 Initial transforms:       
 Number of threads:        1
 Spline distance:          26
 Transform type:           s
 CC radius:                4
 Precision:                d
 Use histogram matching    0
======================================================================================
 antsRegistration call:
--------------------------------------------------------------------------------------
/home/despoB/dlurie/Software/ants-2.2.0/bin//antsRegistration --verbose 1 --dimensionality 3 --float 0 --collapse-output-transforms 1 --output [/home/despoB/cathwang/native/native_2/c0007/c0007s0001t01//forks/Output_brain_ANTS/SyN/MNItoT1_,/home/despoB/cathwang/native/native_2/c0007/c0007s0001t01//forks/Output_brain_ANTS/SyN/MNItoT1_Warped.nii.gz,/home/despoB/cathwang/native/native_2/c0007/c0007s0001t01//forks/Output_brain_ANTS/SyN/MNItoT1_InverseWarped.nii.gz] --interpolation Linear --use-histogram-matching 0 --winsorize-image-intensities [0.005,0.995] -x [/home/despoB/cathwang/native/native_2/c0007/c0007s0001t01//bin_r_c0007s0001t01_lesionMaskNeg.nii.gz, NULL] --initial-moving-transform [/home/despoB/cathwang/native/native_2/c0007/c0007s0001t01//forks/Output_brain_ANTS/OutputBrainExtractionBrain.nii.gz,/home/despoC/ioannis/Imaging_general/MNI_templates/MNI152_T1_1mm_Brain.nii.gz,1] --transform Rigid[0.1] --metric MI[/home/despoB/cathwang/native/native_2/c0007/c0007s0001t01//forks/Output_brain_ANTS/OutputBrainExtractionBrain.nii.gz,/home/despoC/ioannis/Imaging_general/MNI_templates/MNI152_T1_1mm_Brain.nii.gz,1,32,Regular,0.25] --convergence [1000x500x250x100,1e-6,10] --shrink-factors 8x4x2x1 --smoothing-sigmas 3x2x1x0vox --transform Affine[0.1] --metric MI[/home/despoB/cathwang/native/native_2/c0007/c0007s0001t01//forks/Output_brain_ANTS/OutputBrainExtractionBrain.nii.gz,/home/despoC/ioannis/Imaging_general/MNI_templates/MNI152_T1_1mm_Brain.nii.gz,1,32,Regular,0.25] --convergence [1000x500x250x100,1e-6,10] --shrink-factors 8x4x2x1 --smoothing-sigmas 3x2x1x0vox --transform SyN[0.1,3,0] --metric CC[/home/despoB/cathwang/native/native_2/c0007/c0007s0001t01//forks/Output_brain_ANTS/OutputBrainExtractionBrain.nii.gz,/home/despoC/ioannis/Imaging_general/MNI_templates/MNI152_T1_1mm_Brain.nii.gz,1,4] --convergence [100x70x50x20,1e-6,10] --shrink-factors 8x4x2x1 --smoothing-sigmas 3x2x1x0vox
--------------------------------------------------------------------------------------
All_Command_lines_OK
Using double precision for computations.
=============================================================================
The composite transform comprises the following transforms (in order): 
  1. Center of mass alignment using fixed image: /home/despoB/cathwang/native/native_2/c0007/c0007s0001t01//forks/Output_brain_ANTS/OutputBrainExtractionBrain.nii.gz and moving image: /home/despoC/ioannis/Imaging_general/MNI_templates/MNI152_T1_1mm_Brain.nii.gz (type = Euler3DTransform)
=============================================================================
  Reading mask(s).
    Registration stage 0
      Fixed mask = /home/despoB/cathwang/native/native_2/c0007/c0007s0001t01//bin_r_c0007s0001t01_lesionMaskNeg.nii.gz
      No moving mask
  number of levels = 4
  number of levels = 4
  number of levels = 4
  fixed image: /home/despoB/cathwang/native/native_2/c0007/c0007s0001t01//forks/Output_brain_ANTS/OutputBrainExtractionBrain.nii.gz
  moving image: /home/despoC/ioannis/Imaging_general/MNI_templates/MNI152_T1_1mm_Brain.nii.gz
  fixed image: /home/despoB/cathwang/native/native_2/c0007/c0007s0001t01//forks/Output_brain_ANTS/OutputBrainExtractionBrain.nii.gz
  moving image: /home/despoC/ioannis/Imaging_general/MNI_templates/MNI152_T1_1mm_Brain.nii.gz
  fixed image: /home/despoB/cathwang/native/native_2/c0007/c0007s0001t01//forks/Output_brain_ANTS/OutputBrainExtractionBrain.nii.gz
  moving image: /home/despoC/ioannis/Imaging_general/MNI_templates/MNI152_T1_1mm_Brain.nii.gz
Dimension = 3
Number of stages = 3
Use Histogram Matching false
Winsorize image intensities true
Lower quantile = 0.005
Upper quantile = 0.995
Stage 1 State
   Image metric = Mattes
     Fixed image = Image (0x3ea9c30)
  RTTI typeinfo:   itk::Image<double, 3u>
  Reference Count: 2
  Modified Time: 1947
  Debug: Off
  Object Name: 
  Observers: 
    none
  Source: (none)
  Source output name: (none)
  Release Data: Off
  Data Released: False
  Global Release Data: Off
  PipelineMTime: 0
  UpdateMTime: 1771
  RealTimeStamp: 0 seconds 
  LargestPossibleRegion: 
    Dimension: 3
    Index: [0, 0, 0]
    Size: [256, 256, 150]
  BufferedRegion: 
    Dimension: 3
    Index: [0, 0, 0]
    Size: [256, 256, 150]
  RequestedRegion: 
    Dimension: 3
    Index: [0, 0, 0]
    Size: [256, 256, 150]
  Spacing: [1, 1, 1]
  Origin: [-130.398, 128.384, -60.3025]
  Direction: 
0.999072 0.0413587 -0.0120196
0.0410368 -0.998822 -0.0258947
0.0130764 -0.0253774 0.999592

  IndexToPointMatrix: 
0.999072 0.0413587 -0.0120196
0.0410368 -0.998822 -0.0258947
0.0130764 -0.0253774 0.999592

  PointToIndexMatrix: 
0.999072 0.0410368 0.0130764
0.0413587 -0.998822 -0.0253774
-0.0120196 -0.0258947 0.999592

  Inverse Direction: 
0.999072 0.0410368 0.0130764
0.0413587 -0.998822 -0.0253774
-0.0120196 -0.0258947 0.999592

  PixelContainer: 
    ImportImageContainer (0x3e7dfe0)
      RTTI typeinfo:   itk::ImportImageContainer<unsigned long, double>
      Reference Count: 1
      Modified Time: 1768
      Debug: Off
      Object Name: 
      Observers: 
        none
      Pointer: 0x1554fc16f010
      Container manages memory: true
      Size: 9830400
      Capacity: 9830400

     Moving image = Image (0x3ea2db0)
  RTTI typeinfo:   itk::Image<double, 3u>
  Reference Count: 2
  Modified Time: 1948
  Debug: Off
  Object Name: 
  Observers: 
    none
  Source: (none)
  Source output name: (none)
  Release Data: Off
  Data Released: False
  Global Release Data: Off
  PipelineMTime: 0
  UpdateMTime: 1945
  RealTimeStamp: 0 seconds 
  LargestPossibleRegion: 
    Dimension: 3
    Index: [0, 0, 0]
    Size: [182, 218, 182]
  BufferedRegion: 
    Dimension: 3
    Index: [0, 0, 0]
    Size: [182, 218, 182]
  RequestedRegion: 
    Dimension: 3
    Index: [0, 0, 0]
    Size: [182, 218, 182]
  Spacing: [1, 1, 1]
  Origin: [-90, 126, -72]
  Direction: 
1 0 0
0 -1 0
0 0 1

  IndexToPointMatrix: 
1 0 0
0 -1 0
0 0 1

  PointToIndexMatrix: 
1 0 0
0 -1 0
0 0 1

  Inverse Direction: 
1 0 0
0 -1 0
0 0 1

  PixelContainer: 
    ImportImageContainer (0x3e91720)
      RTTI typeinfo:   itk::ImportImageContainer<unsigned long, double>
      Reference Count: 1
      Modified Time: 1942
      Debug: Off
      Object Name: 
      Observers: 
        none
      Pointer: 0x1554f8a57010
      Container manages memory: true
      Size: 7221032
      Capacity: 7221032

     Weighting = 1
     Sampling strategy = regular
     Number of bins = 32
     Radius = 4
     Sampling percentage  = 0.25
   Transform = Rigid
     Gradient step = 0.1
     Update field sigma (voxel space) = 0
     Total field sigma (voxel space) = 0
     Update field time sigma = 0
     Total field time sigma  = 0
     Number of time indices = 0
     Number of time point samples = 0
Stage 2 State
   Image metric = Mattes
     Fixed image = Image (0x3ea3040)
  RTTI typeinfo:   itk::Image<double, 3u>
  Reference Count: 2
  Modified Time: 2299
  Debug: Off
  Object Name: 
  Observers: 
    none
  Source: (none)
  Source output name: (none)
  Release Data: Off
  Data Released: False
  Global Release Data: Off
  PipelineMTime: 0
  UpdateMTime: 2123
  RealTimeStamp: 0 seconds 
  LargestPossibleRegion: 
    Dimension: 3
    Index: [0, 0, 0]
    Size: [256, 256, 150]
  BufferedRegion: 
    Dimension: 3
    Index: [0, 0, 0]
    Size: [256, 256, 150]
  RequestedRegion: 
    Dimension: 3
    Index: [0, 0, 0]
    Size: [256, 256, 150]
  Spacing: [1, 1, 1]
  Origin: [-130.398, 128.384, -60.3025]
  Direction: 
0.999072 0.0413587 -0.0120196
0.0410368 -0.998822 -0.0258947
0.0130764 -0.0253774 0.999592

  IndexToPointMatrix: 
0.999072 0.0413587 -0.0120196
0.0410368 -0.998822 -0.0258947
0.0130764 -0.0253774 0.999592

  PointToIndexMatrix: 
0.999072 0.0410368 0.0130764
0.0413587 -0.998822 -0.0253774
-0.0120196 -0.0258947 0.999592

  Inverse Direction: 
0.999072 0.0410368 0.0130764
0.0413587 -0.998822 -0.0253774
-0.0120196 -0.0258947 0.999592

  PixelContainer: 
    ImportImageContainer (0x48d26c0)
      RTTI typeinfo:   itk::ImportImageContainer<unsigned long, double>
      Reference Count: 1
      Modified Time: 2120
      Debug: Off
      Object Name: 
      Observers: 
        none
      Pointer: 0x1554f3f56010
      Container manages memory: true
      Size: 9830400
      Capacity: 9830400

     Moving image = Image (0x3ea32d0)
  RTTI typeinfo:   itk::Image<double, 3u>
  Reference Count: 2
  Modified Time: 2300
  Debug: Off
  Object Name: 
  Observers: 
    none
  Source: (none)
  Source output name: (none)
  Release Data: Off
  Data Released: False
  Global Release Data: Off
  PipelineMTime: 0
  UpdateMTime: 2297
  RealTimeStamp: 0 seconds 
  LargestPossibleRegion: 
    Dimension: 3
    Index: [0, 0, 0]
    Size: [182, 218, 182]
  BufferedRegion: 
    Dimension: 3
    Index: [0, 0, 0]
    Size: [182, 218, 182]
  RequestedRegion: 
    Dimension: 3
    Index: [0, 0, 0]
    Size: [182, 218, 182]
  Spacing: [1, 1, 1]
  Origin: [-90, 126, -72]
  Direction: 
1 0 0
0 -1 0
0 0 1

  IndexToPointMatrix: 
1 0 0
0 -1 0
0 0 1

  PointToIndexMatrix: 
1 0 0
0 -1 0
0 0 1

  Inverse Direction: 
1 0 0
0 -1 0
0 0 1

  PixelContainer: 
    ImportImageContainer (0x48d2720)
      RTTI typeinfo:   itk::ImportImageContainer<unsigned long, double>
      Reference Count: 1
      Modified Time: 2294
      Debug: Off
      Object Name: 
      Observers: 
        none
      Pointer: 0x1554f083e010
      Container manages memory: true
      Size: 7221032
      Capacity: 7221032

     Weighting = 1
     Sampling strategy = regular
     Number of bins = 32
     Radius = 4
     Sampling percentage  = 0.25
   Transform = Affine
     Gradient step = 0.1
     Update field sigma (voxel space) = 0
     Total field sigma (voxel space) = 0
     Update field time sigma = 0
     Total field time sigma  = 0
     Number of time indices = 0
     Number of time point samples = 0
Stage 3 State
   Image metric = CC
     Fixed image = Image (0x3ea3870)
  RTTI typeinfo:   itk::Image<double, 3u>
  Reference Count: 2
  Modified Time: 2651
  Debug: Off
  Object Name: 
  Observers: 
    none
  Source: (none)
  Source output name: (none)
  Release Data: Off
  Data Released: False
  Global Release Data: Off
  PipelineMTime: 0
  UpdateMTime: 2475
  RealTimeStamp: 0 seconds 
  LargestPossibleRegion: 
    Dimension: 3
    Index: [0, 0, 0]
    Size: [256, 256, 150]
  BufferedRegion: 
    Dimension: 3
    Index: [0, 0, 0]
    Size: [256, 256, 150]
  RequestedRegion: 
    Dimension: 3
    Index: [0, 0, 0]
    Size: [256, 256, 150]
  Spacing: [1, 1, 1]
  Origin: [-130.398, 128.384, -60.3025]
  Direction: 
0.999072 0.0413587 -0.0120196
0.0410368 -0.998822 -0.0258947
0.0130764 -0.0253774 0.999592

  IndexToPointMatrix: 
0.999072 0.0413587 -0.0120196
0.0410368 -0.998822 -0.0258947
0.0130764 -0.0253774 0.999592

  PointToIndexMatrix: 
0.999072 0.0410368 0.0130764
0.0413587 -0.998822 -0.0253774
-0.0120196 -0.0258947 0.999592

  Inverse Direction: 
0.999072 0.0410368 0.0130764
0.0413587 -0.998822 -0.0253774
-0.0120196 -0.0258947 0.999592

  PixelContainer: 
    ImportImageContainer (0x48da090)
      RTTI typeinfo:   itk::ImportImageContainer<unsigned long, double>
      Reference Count: 1
      Modified Time: 2472
      Debug: Off
      Object Name: 
      Observers: 
        none
      Pointer: 0x1554ebd3d010
      Container manages memory: true
      Size: 9830400
      Capacity: 9830400

     Moving image = Image (0x48dae90)
  RTTI typeinfo:   itk::Image<double, 3u>
  Reference Count: 2
  Modified Time: 2652
  Debug: Off
  Object Name: 
  Observers: 
    none
  Source: (none)
  Source output name: (none)
  Release Data: Off
  Data Released: False
  Global Release Data: Off
  PipelineMTime: 0
  UpdateMTime: 2649
  RealTimeStamp: 0 seconds 
  LargestPossibleRegion: 
    Dimension: 3
    Index: [0, 0, 0]
    Size: [182, 218, 182]
  BufferedRegion: 
    Dimension: 3
    Index: [0, 0, 0]
    Size: [182, 218, 182]
  RequestedRegion: 
    Dimension: 3
    Index: [0, 0, 0]
    Size: [182, 218, 182]
  Spacing: [1, 1, 1]
  Origin: [-90, 126, -72]
  Direction: 
1 0 0
0 -1 0
0 0 1

  IndexToPointMatrix: 
1 0 0
0 -1 0
0 0 1

  PointToIndexMatrix: 
1 0 0
0 -1 0
0 0 1

  Inverse Direction: 
1 0 0
0 -1 0
0 0 1

  PixelContainer: 
    ImportImageContainer (0x48d9f90)
      RTTI typeinfo:   itk::ImportImageContainer<unsigned long, double>
      Reference Count: 1
      Modified Time: 2646
      Debug: Off
      Object Name: 
      Observers: 
        none
      Pointer: 0x1554e8625010
      Container manages memory: true
      Size: 7221032
      Capacity: 7221032

     Weighting = 1
     Sampling strategy = none
     Number of bins = 32
     Radius = 4
     Sampling percentage  = 1
   Transform = SyN
     Gradient step = 0.1
     Update field sigma (voxel space) = 3
     Total field sigma (voxel space) = 0
     Update field time sigma = 0
     Total field time sigma  = 0
     Number of time indices = 0
     Number of time point samples = 0
Registration using 3 total stages.

Stage 0
  iterations = 1000x500x250x100
  convergence threshold = 1e-06
  convergence window size = 10
  number of levels = 4
  using the Mattes MI metric (number of bins = 32, weight = 1)
  preprocessing:  winsorizing the image intensities
  Shrink factors (level 1 out of 4): [8, 8, 8]
  Shrink factors (level 2 out of 4): [4, 4, 4]
  Shrink factors (level 3 out of 4): [2, 2, 2]
  Shrink factors (level 4 out of 4): [1, 1, 1]
  smoothing sigmas per level: [3, 2, 1, 0]
  regular sampling (percentage = 0.25)

*** Running Euler3DTransform registration ***

DIAGNOSTIC,Iteration,metricValue,convergenceValue,ITERATION_TIME_INDEX,SINCE_LAST
 2DIAGNOSTIC,     1, -4.996142428622e-01, 1.797693134862e+308, 6.4555e+00, 6.4555e+00, 
 2DIAGNOSTIC,     2, -5.002011435058e-01, 1.797693134862e+308, 6.4719e+00, 1.6440e-02, 
 2DIAGNOSTIC,     3, -5.022431887287e-01, 1.797693134862e+308, 6.4874e+00, 1.5452e-02, 
 2DIAGNOSTIC,     4, -5.110746619827e-01, 1.797693134862e+308, 6.5024e+00, 1.5013e-02, 
 2DIAGNOSTIC,     5, -5.203027815857e-01, 1.797693134862e+308, 6.5216e+00, 1.9247e-02, 
 2DIAGNOSTIC,     6, -5.273866876377e-01, 1.797693134862e+308, 6.5396e+00, 1.8019e-02, 
 2DIAGNOSTIC,     7, -5.279394135640e-01, 1.797693134862e+308, 6.5575e+00, 1.7891e-02, 
 2DIAGNOSTIC,     8, -5.302146003433e-01, 1.797693134862e+308, 6.6071e+00, 4.9563e-02, 
 2DIAGNOSTIC,     9, -5.303054061542e-01, 1.797693134862e+308, 6.6233e+00, 1.6204e-02, 
 2DIAGNOSTIC,    10, -5.303428975396e-01, 4.706254708942e-03, 6.6465e+00, 2.3144e-02, 
 2DIAGNOSTIC,    11, -5.303750042373e-01, 3.633566911778e-03, 6.6673e+00, 2.0865e-02, 
 2DIAGNOSTIC,    12, -5.303512680301e-01, 2.450983771070e-03, 6.6852e+00, 1.7884e-02, 
 2DIAGNOSTIC,    13, -5.303423072450e-01, 1.315534799860e-03, 6.7073e+00, 2.2133e-02, 
 2DIAGNOSTIC,    14, -5.303705563061e-01, 5.638144330784e-04, 6.7235e+00, 1.6181e-02, 
 2DIAGNOSTIC,    15, -5.304181498245e-01, 1.934599826891e-04, 6.7389e+00, 1.5372e-02, 
 2DIAGNOSTIC,    16, -5.305562874190e-01, 9.841569398292e-05, 6.7519e+00, 1.3014e-02, 
 2DIAGNOSTIC,    17, -5.307641666929e-01, 2.804008141079e-05, 6.7667e+00, 1.4807e-02, 
 2DIAGNOSTIC,    18, -5.311185045108e-01, 4.233136331813e-05, 6.7852e+00, 1.8533e-02, 
 2DIAGNOSTIC,    19, -5.317165998624e-01, 7.080463075439e-05, 6.8036e+00, 1.8358e-02, 
 2DIAGNOSTIC,    20, -5.329586190713e-01, 1.243011559590e-04, 6.8217e+00, 1.8091e-02, 
 2DIAGNOSTIC,    21, -5.357908917929e-01, 2.343638328169e-04, 6.8390e+00, 1.7339e-02, 
 2DIAGNOSTIC,    22, -5.425848817620e-01, 4.771852121246e-04, 6.8591e+00, 2.0091e-02, 
 2DIAGNOSTIC,    23, -5.475174814486e-01, 7.655925801787e-04, 6.8746e+00, 1.5508e-02, 
 2DIAGNOSTIC,    24, -5.517943125232e-01, 1.053242457284e-03, 6.8910e+00, 1.6412e-02, 
 2DIAGNOSTIC,    25, -5.555389114599e-01, 1.299842521412e-03, 6.9072e+00, 1.6159e-02, 
 2DIAGNOSTIC,    26, -5.606607769500e-01, 1.511672003979e-03, 6.9291e+00, 2.1937e-02, 
 2DIAGNOSTIC,    27, -5.634920037527e-01, 1.621740457905e-03, 6.9587e+00, 2.9516e-02, 
 2DIAGNOSTIC,    28, -5.667412494222e-01, 1.638558579502e-03, 6.9780e+00, 1.9390e-02, 
 2DIAGNOSTIC,    29, -5.682515398204e-01, 1.538946706960e-03, 6.9935e+00, 1.5461e-02, 
 2DIAGNOSTIC,    30, -5.721230728308e-01, 1.391948833697e-03, 7.0128e+00, 1.9293e-02, 
 2DIAGNOSTIC,    31, -5.765436752319e-01, 1.243663578516e-03, 7.0334e+00, 2.0591e-02, 
 2DIAGNOSTIC,    32, -5.767284894449e-01, 1.100413317778e-03, 7.0566e+00, 2.3179e-02, 
 2DIAGNOSTIC,    33, -5.769495751058e-01, 9.454979000823e-04, 7.0734e+00, 1.6848e-02, 
 2DIAGNOSTIC,    34, -5.776941879901e-01, 7.887870691889e-04, 7.1003e+00, 2.6910e-02, 
 2DIAGNOSTIC,    35, -5.778170689988e-01, 6.225179935657e-04, 7.1154e+00, 1.5120e-02, 
 2DIAGNOSTIC,    36, -5.781332429416e-01, 4.848514462066e-04, 7.1309e+00, 1.5434e-02, 
 2DIAGNOSTIC,    37, -5.785416029267e-01, 3.545515630490e-04, 7.1473e+00, 1.6411e-02, 
 2DIAGNOSTIC,    38, -5.789588964466e-01, 2.491781918085e-04, 7.1647e+00, 1.7425e-02, 
 2DIAGNOSTIC,    39, -5.820229787174e-01, 1.861211248616e-04, 7.1917e+00, 2.7015e-02, 
 2DIAGNOSTIC,    40, -5.832239030156e-01, 1.721500205770e-04, 7.2081e+00, 1.6403e-02, 
 2DIAGNOSTIC,    41, -5.844172488803e-01, 2.138764681001e-04, 7.2272e+00, 1.9107e-02, 
 2DIAGNOSTIC,    42, -5.857905844585e-01, 2.527162792717e-04, 7.2461e+00, 1.8815e-02, 
 2DIAGNOSTIC,    43, -5.874830926952e-01, 2.881427902888e-04, 7.2696e+00, 2.3539e-02, 
 2DIAGNOSTIC,    44, -5.879933589566e-01, 3.084204728220e-04, 7.2870e+00, 1.7444e-02, 
 2DIAGNOSTIC,    45, -5.902252195185e-01, 3.252789317245e-04, 7.3091e+00, 2.2055e-02, 
 2DIAGNOSTIC,    46, -5.910077613801e-01, 3.224622237423e-04, 7.3327e+00, 2.3630e-02, 
 2DIAGNOSTIC,    47, -5.909585448138e-01, 2.932095135254e-04, 7.3481e+00, 1.5428e-02, 
 2DIAGNOSTIC,    48, -5.926398508079e-01, 2.592819082916e-04, 7.3634e+00, 1.5202e-02, 
 2DIAGNOSTIC,    49, -5.938781750613e-01, 2.465376798704e-04, 7.3828e+00, 1.9405e-02, 
 2DIAGNOSTIC,    50, -5.958333806072e-01, 2.426301251894e-04, 7.3998e+00, 1.7069e-02, 
 2DIAGNOSTIC,    51, -6.015976794918e-01, 2.849857222698e-04, 7.4218e+00, 2.2020e-02, 
 2DIAGNOSTIC,    52, -6.040975501024e-01, 3.350206973683e-04, 7.4434e+00, 2.1514e-02, 
 2DIAGNOSTIC,    53, -6.045214487060e-01, 3.715348096685e-04, 7.4740e+00, 3.0682e-02, 
 2DIAGNOSTIC,    54, -6.045263184846e-01, 3.760962168744e-04, 7.4903e+00, 1.6271e-02, 
 2DIAGNOSTIC,    55, -6.046171857109e-01, 3.658495260478e-04, 7.5101e+00, 1.9756e-02, 
 2DIAGNOSTIC,    56, -6.045081954630e-01, 3.264530286150e-04, 7.5309e+00, 2.0800e-02, 
 2DIAGNOSTIC,    57, -6.045505146932e-01, 2.566593805252e-04, 7.5493e+00, 1.8400e-02, 
 2DIAGNOSTIC,    58, -6.044153806197e-01, 1.789292138995e-04, 7.5663e+00, 1.7042e-02, 
 2DIAGNOSTIC,    59, -6.043726389302e-01, 9.761607928115e-05, 7.5858e+00, 1.9489e-02, 
 2DIAGNOSTIC,    60, -6.044172643407e-01, 2.562919642114e-05, 7.6009e+00, 1.5144e-02, 
DIAGNOSTIC,Iteration,metricValue,convergenceValue,ITERATION_TIME_INDEX,SINCE_LAST
 2DIAGNOSTIC,     1, -4.972275812379e-01, 1.797693134862e+308, 1.1601e+01, 3.9999e+00, 
 2DIAGNOSTIC,     2, -4.983080867520e-01, 1.797693134862e+308, 1.1729e+01, 1.2768e-01, 
 2DIAGNOSTIC,     3, -4.998372948651e-01, 1.797693134862e+308, 1.1858e+01, 1.2921e-01, 
 2DIAGNOSTIC,     4, -5.017612784364e-01, 1.797693134862e+308, 1.1986e+01, 1.2859e-01, 
 2DIAGNOSTIC,     5, -5.035578872108e-01, 1.797693134862e+308, 1.2117e+01, 1.3027e-01, 
 2DIAGNOSTIC,     6, -5.047229161434e-01, 1.797693134862e+308, 1.2247e+01, 1.3021e-01, 
 2DIAGNOSTIC,     7, -5.065748505494e-01, 1.797693134862e+308, 1.2377e+01, 1.3030e-01, 
 2DIAGNOSTIC,     8, -5.082379030121e-01, 1.797693134862e+308, 1.2507e+01, 1.2951e-01, 
 2DIAGNOSTIC,     9, -5.169695003489e-01, 1.797693134862e+308, 1.2665e+01, 1.5797e-01, 
 2DIAGNOSTIC,    10, -5.234868666757e-01, 2.861674749003e-03, 1.2940e+01, 2.7553e-01, 
 2DIAGNOSTIC,    11, -5.236709873137e-01, 3.015428851530e-03, 1.3067e+01, 1.2717e-01, 
 2DIAGNOSTIC,    12, -5.275109642171e-01, 3.108890816485e-03, 1.3195e+01, 1.2735e-01, 
 2DIAGNOSTIC,    13, -5.325492159168e-01, 3.182931390956e-03, 1.3322e+01, 1.2702e-01, 
 2DIAGNOSTIC,    14, -5.361742334729e-01, 3.165019136581e-03, 1.3447e+01, 1.2502e-01, 
 2DIAGNOSTIC,    15, -5.393392019499e-01, 3.039248744833e-03, 1.3602e+01, 1.5535e-01, 
 2DIAGNOSTIC,    16, -5.403804711177e-01, 2.731338019631e-03, 1.3728e+01, 1.2635e-01, 
 2DIAGNOSTIC,    17, -5.423693454461e-01, 2.338916032436e-03, 1.3887e+01, 1.5881e-01, 
 2DIAGNOSTIC,    18, -5.500472536673e-01, 2.050759597352e-03, 1.4105e+01, 2.1733e-01, 
 2DIAGNOSTIC,    19, -5.564194230851e-01, 2.026228997662e-03, 1.4232e+01, 1.2778e-01, 
 2DIAGNOSTIC,    20, -5.601454929763e-01, 2.094102466881e-03, 1.4360e+01, 1.2721e-01, 
 2DIAGNOSTIC,    21, -5.637565493908e-01, 2.059678583171e-03, 1.4572e+01, 2.1249e-01, 
 2DIAGNOSTIC,    22, -5.655251540330e-01, 1.972510627078e-03, 1.4794e+01, 2.2242e-01, 
 2DIAGNOSTIC,    23, -5.657436253373e-01, 1.828760623783e-03, 1.4921e+01, 1.2655e-01, 
 2DIAGNOSTIC,    24, -5.663051505654e-01, 1.617662020243e-03, 1.5047e+01, 1.2583e-01, 
 2DIAGNOSTIC,    25, -5.666438040163e-01, 1.348770131756e-03, 1.5173e+01, 1.2592e-01, 
 2DIAGNOSTIC,    26, -5.668762433736e-01, 1.002741667959e-03, 1.5299e+01, 1.2604e-01, 
 2DIAGNOSTIC,    27, -5.675796316567e-01, 6.404127828556e-04, 1.5424e+01, 1.2484e-01, 
 2DIAGNOSTIC,    28, -5.704779166000e-01, 4.437084343367e-04, 1.5638e+01, 2.1420e-01, 
 2DIAGNOSTIC,    29, -5.717755987596e-01, 3.575373428974e-04, 1.5765e+01, 1.2711e-01, 
 2DIAGNOSTIC,    30, -5.729588455884e-01, 3.288629229563e-04, 1.5923e+01, 1.5846e-01, 
 2DIAGNOSTIC,    31, -5.734857532915e-01, 3.412203814303e-04, 1.6138e+01, 2.1486e-01, 
 2DIAGNOSTIC,    32, -5.740938736655e-01, 3.596823337230e-04, 1.6264e+01, 1.2612e-01, 
 2DIAGNOSTIC,    33, -5.745091043429e-01, 3.521796156853e-04, 1.6389e+01, 1.2442e-01, 
 2DIAGNOSTIC,    34, -5.749741052632e-01, 3.272342750942e-04, 1.6515e+01, 1.2590e-01, 
 2DIAGNOSTIC,    35, -5.756641016116e-01, 2.885680224404e-04, 1.6730e+01, 2.1528e-01, 
 2DIAGNOSTIC,    36, -5.760778428592e-01, 2.344226260151e-04, 1.6888e+01, 1.5789e-01, 
 2DIAGNOSTIC,    37, -5.761264856656e-01, 1.709625948110e-04, 1.7015e+01, 1.2702e-01, 
 2DIAGNOSTIC,    38, -5.771949066214e-01, 1.490386753829e-04, 1.7170e+01, 1.5480e-01, 
 2DIAGNOSTIC,    39, -5.783604594457e-01, 1.463154001702e-04, 1.7354e+01, 1.8460e-01, 
 2DIAGNOSTIC,    40, -5.789171359781e-01, 1.519917546935e-04, 1.7513e+01, 1.5851e-01, 
 2DIAGNOSTIC,    41, -5.802874647080e-01, 1.669530820238e-04, 1.7666e+01, 1.5276e-01, 
 2DIAGNOSTIC,    42, -5.816084018531e-01, 1.888926799641e-04, 1.7817e+01, 1.5193e-01, 
 2DIAGNOSTIC,    43, -5.824874192850e-01, 2.069554564204e-04, 1.8061e+01, 2.4340e-01, 
 2DIAGNOSTIC,    44, -5.824983997230e-01, 2.097371895288e-04, 1.8218e+01, 1.5667e-01, 
 2DIAGNOSTIC,    45, -5.824924136128e-01, 2.004790503176e-04, 1.8401e+01, 1.8305e-01, 
 2DIAGNOSTIC,    46, -5.824918886386e-01, 1.773480049142e-04, 1.8616e+01, 2.1496e-01, 
 2DIAGNOSTIC,    47, -5.824874955273e-01, 1.384325025367e-04, 1.8779e+01, 1.6309e-01, 
 2DIAGNOSTIC,    48, -5.824637548090e-01, 9.896696281975e-05, 1.8938e+01, 1.5969e-01, 
 2DIAGNOSTIC,    49, -5.824616353589e-01, 6.417160227982e-05, 1.9153e+01, 2.1477e-01, 
 2DIAGNOSTIC,    50, -5.824435455178e-01, 3.018380263938e-05, 1.9310e+01, 1.5665e-01, 
 2DIAGNOSTIC,    51, -5.824452462251e-01, 8.270092059292e-06, 1.9438e+01, 1.2798e-01, 
DIAGNOSTIC,Iteration,metricValue,convergenceValue,ITERATION_TIME_INDEX,SINCE_LAST
 2DIAGNOSTIC,     1, -5.041170705505e-01, 1.797693134862e+308, 2.3040e+01, 3.6027e+00, 
 2DIAGNOSTIC,     2, -5.043004260001e-01, 1.797693134862e+308, 2.3953e+01, 9.1286e-01, 
 2DIAGNOSTIC,     3, -5.044903268904e-01, 1.797693134862e+308, 2.4870e+01, 9.1648e-01, 
 2DIAGNOSTIC,     4, -5.047009680596e-01, 1.797693134862e+308, 2.5788e+01, 9.1789e-01, 
 2DIAGNOSTIC,     5, -5.050084838434e-01, 1.797693134862e+308, 2.6711e+01, 9.2370e-01, 
 2DIAGNOSTIC,     6, -5.053842173770e-01, 1.797693134862e+308, 2.7625e+01, 9.1388e-01, 
 2DIAGNOSTIC,     7, -5.056896961848e-01, 1.797693134862e+308, 2.8750e+01, 1.1246e+00, 
 2DIAGNOSTIC,     8, -5.063312414068e-01, 1.797693134862e+308, 3.0693e+01, 1.9433e+00, 
 2DIAGNOSTIC,     9, -5.063476817771e-01, 1.797693134862e+308, 3.2862e+01, 2.1693e+00, 
 2DIAGNOSTIC,    10, -5.063477988025e-01, 3.314211264620e-04, 3.3975e+01, 1.1121e+00, 
 2DIAGNOSTIC,    11, -5.063477957495e-01, 2.837882188617e-04, 3.5715e+01, 1.7404e+00, 
 2DIAGNOSTIC,    12, -5.063469104079e-01, 2.271672036748e-04, 3.6829e+01, 1.1142e+00, 
 2DIAGNOSTIC,    13, -5.063460183096e-01, 1.668219489721e-04, 3.8147e+01, 1.3178e+00, 
 2DIAGNOSTIC,    14, -5.063454847462e-01, 1.085396822777e-04, 3.9060e+01, 9.1335e-01, 
 2DIAGNOSTIC,    15, -5.063442926316e-01, 5.994145737893e-05, 4.0165e+01, 1.1048e+00, 
 2DIAGNOSTIC,    16, -5.063447700195e-01, 2.531389803212e-05, 4.1062e+01, 8.9717e-01, 
 2DIAGNOSTIC,    17, -5.063437318333e-01, 2.080412564172e-06, 4.1973e+01, 9.1036e-01, 
 2DIAGNOSTIC,    18, -5.063432388753e-01, 1.412449340051e-06, 4.3301e+01, 1.3285e+00, 
 2DIAGNOSTIC,    19, -5.063438415727e-01, 1.352238152064e-06, 4.4210e+01, 9.0909e-01, 
 2DIAGNOSTIC,    20, -5.063430003763e-01, 1.306538598658e-06, 4.5125e+01, 9.1496e-01, 
 2DIAGNOSTIC,    21, -5.063409951941e-01, 1.238865906666e-06, 4.6030e+01, 9.0508e-01, 
 2DIAGNOSTIC,    22, -5.063400805194e-01, 1.159181746022e-06, 4.7563e+01, 1.5332e+00, 
 2DIAGNOSTIC,    23, -5.063398194023e-01, 1.085388905787e-06, 4.8687e+01, 1.1240e+00, 
 2DIAGNOSTIC,    24, -5.063393195238e-01, 1.021149992696e-06, 4.9586e+01, 8.9890e-01, 
DIAGNOSTIC,Iteration,metricValue,convergenceValue,ITERATION_TIME_INDEX,SINCE_LAST
 2DIAGNOSTIC,     1, -4.698449265793e-01, 1.797693134862e+308, 5.7545e+01, 7.9583e+00, 
 2DIAGNOSTIC,     2, -4.699898484841e-01, 1.797693134862e+308, 6.2480e+01, 4.9348e+00, 
 2DIAGNOSTIC,     3, -4.701633725961e-01, 1.797693134862e+308, 6.7454e+01, 4.9747e+00, 
 2DIAGNOSTIC,     4, -4.703292065178e-01, 1.797693134862e+308, 7.2422e+01, 4.9680e+00, 
 2DIAGNOSTIC,     5, -4.704849907036e-01, 1.797693134862e+308, 7.7380e+01, 4.9582e+00, 
 2DIAGNOSTIC,     6, -4.706370841551e-01, 1.797693134862e+308, 8.2340e+01, 4.9592e+00, 
 2DIAGNOSTIC,     7, -4.708443739187e-01, 1.797693134862e+308, 8.8343e+01, 6.0037e+00, 
 2DIAGNOSTIC,     8, -4.710971638735e-01, 1.797693134862e+308, 9.7492e+01, 9.1486e+00, 
 2DIAGNOSTIC,     9, -4.711192402276e-01, 1.797693134862e+308, 1.0666e+02, 9.1686e+00, 
 2DIAGNOSTIC,    10, -4.711190938447e-01, 1.953728681755e-04, 1.1268e+02, 6.0147e+00, 
 2DIAGNOSTIC,    11, -4.711191197141e-01, 1.587531601376e-04, 1.2392e+02, 1.1241e+01, 
 2DIAGNOSTIC,    12, -4.711190333454e-01, 1.213009082979e-04, 1.2993e+02, 6.0102e+00, 
 2DIAGNOSTIC,    13, -4.711186978994e-01, 8.669145196621e-05, 1.3596e+02, 6.0313e+00, 
 2DIAGNOSTIC,    14, -4.711188178639e-01, 5.651191589487e-05, 1.4198e+02, 6.0189e+00, 
 2DIAGNOSTIC,    15, -4.711186469683e-01, 3.175890193198e-05, 1.4900e+02, 7.0259e+00, 
 2DIAGNOSTIC,    16, -4.711185037245e-01, 1.302242095859e-05, 1.5599e+02, 6.9869e+00, 
 2DIAGNOSTIC,    17, -4.711186048226e-01, 2.592897929955e-06, 1.6093e+02, 4.9420e+00, 
 2DIAGNOSTIC,    18, -4.711184507461e-01, 1.707684058702e-06, 1.6690e+02, 5.9689e+00, 
 2DIAGNOSTIC,    19, -4.711184366267e-01, 1.622463018408e-06, 1.7288e+02, 5.9808e+00, 
 2DIAGNOSTIC,    20, -4.711184369583e-01, 1.546142383076e-06, 1.7783e+02, 4.9467e+00, 
 2DIAGNOSTIC,    21, -4.711183179676e-01, 1.478647954925e-06, 1.8379e+02, 5.9662e+00, 
 2DIAGNOSTIC,    22, -4.711184320481e-01, 1.421801981240e-06, 1.8873e+02, 4.9325e+00, 
 2DIAGNOSTIC,    23, -4.711182928539e-01, 1.359504596218e-06, 1.9469e+02, 5.9672e+00, 
 2DIAGNOSTIC,    24, -4.711181177129e-01, 1.303514133133e-06, 2.0066e+02, 5.9680e+00, 
 2DIAGNOSTIC,    25, -4.711181137307e-01, 1.250105820604e-06, 2.0664e+02, 5.9810e+00, 
 2DIAGNOSTIC,    26, -4.711180350237e-01, 1.197630320769e-06, 2.1157e+02, 4.9224e+00, 
 2DIAGNOSTIC,    27, -4.711182110261e-01, 1.157781665075e-06, 2.1752e+02, 5.9507e+00, 
 2DIAGNOSTIC,    28, -4.711181823049e-01, 1.118701901767e-06, 2.2348e+02, 5.9629e+00, 
 2DIAGNOSTIC,    29, -4.711180067468e-01, 1.080172330407e-06, 2.2839e+02, 4.9109e+00, 
 2DIAGNOSTIC,    30, -4.711181728306e-01, 1.049406154335e-06, 2.3435e+02, 5.9639e+00, 
 2DIAGNOSTIC,    31, -4.711183161737e-01, 1.021891612121e-06, 2.4031e+02, 5.9584e+00, 
 2DIAGNOSTIC,    32, -4.711184582749e-01, 1.001259164878e-06, 2.4627e+02, 5.9600e+00, 
  Elapsed time (stage 0): 2.4907e+02


Stage 1
  iterations = 1000x500x250x100
  convergence threshold = 1.0000e-06
  convergence window size = 10
  number of levels = 4
  using the Mattes MI metric (number of bins = 32, weight = 1.0000e+00)
  preprocessing:  winsorizing the image intensities
  Shrink factors (level 1 out of 4): [8, 8, 8]
  Shrink factors (level 2 out of 4): [4, 4, 4]
  Shrink factors (level 3 out of 4): [2, 2, 2]
  Shrink factors (level 4 out of 4): [1, 1, 1]
  smoothing sigmas per level: [3, 2, 1, 0]
  regular sampling (percentage = 2.5000e-01)

*** Running AffineTransform registration ***

DIAGNOSTIC,Iteration,metricValue,convergenceValue,ITERATION_TIME_INDEX,SINCE_LAST
 2DIAGNOSTIC,     1, -6.735392232760e-01, 1.797693134862e+308, 6.4666e+00, 6.4666e+00, 
 2DIAGNOSTIC,     2, -6.752783610903e-01, 1.797693134862e+308, 6.4831e+00, 1.6537e-02, 
 2DIAGNOSTIC,     3, -6.783504014247e-01, 1.797693134862e+308, 6.4997e+00, 1.6589e-02, 
 2DIAGNOSTIC,     4, -6.851003545043e-01, 1.797693134862e+308, 6.5125e+00, 1.2732e-02, 
 2DIAGNOSTIC,     5, -6.953723237139e-01, 1.797693134862e+308, 6.5244e+00, 1.1901e-02, 
 2DIAGNOSTIC,     6, -7.103501032275e-01, 1.797693134862e+308, 6.5404e+00, 1.6080e-02, 
 2DIAGNOSTIC,     7, -7.623543831272e-01, 1.797693134862e+308, 6.5576e+00, 1.7152e-02, 
 2DIAGNOSTIC,     8, -7.866461838112e-01, 1.797693134862e+308, 6.5830e+00, 2.5459e-02, 
 2DIAGNOSTIC,     9, -8.093316506065e-01, 1.797693134862e+308, 6.6027e+00, 1.9686e-02, 
 2DIAGNOSTIC,    10, -8.278463251101e-01, 1.502232937062e-02, 6.6195e+00, 1.6783e-02, 
 2DIAGNOSTIC,    11, -8.409163644761e-01, 1.516995243180e-02, 6.6341e+00, 1.4609e-02, 
 2DIAGNOSTIC,    12, -8.495748543479e-01, 1.423996178142e-02, 6.6540e+00, 1.9863e-02, 
 2DIAGNOSTIC,    13, -8.539892205530e-01, 1.239985781886e-02, 6.6742e+00, 2.0176e-02, 
 2DIAGNOSTIC,    14, -8.606508648077e-01, 1.009752605973e-02, 6.7001e+00, 2.5971e-02, 
 2DIAGNOSTIC,    15, -8.637488837930e-01, 7.553833259527e-03, 6.7149e+00, 1.4777e-02, 
 2DIAGNOSTIC,    16, -8.664710844924e-01, 5.054637933684e-03, 6.7298e+00, 1.4922e-02, 
 2DIAGNOSTIC,    17, -8.681221685600e-01, 3.558864220126e-03, 6.7457e+00, 1.5880e-02, 
 2DIAGNOSTIC,    18, -8.697369145478e-01, 2.432592689935e-03, 6.7620e+00, 1.6272e-02, 
 2DIAGNOSTIC,    19, -8.718292259545e-01, 1.673577686679e-03, 6.7781e+00, 1.6114e-02, 
 2DIAGNOSTIC,    20, -8.760901364262e-01, 1.244012703633e-03, 6.7952e+00, 1.7066e-02, 
 2DIAGNOSTIC,    21, -8.796868622946e-01, 1.022050376261e-03, 6.8241e+00, 2.8976e-02, 
 2DIAGNOSTIC,    22, -8.821948396190e-01, 9.057296216037e-04, 6.8394e+00, 1.5273e-02, 
 2DIAGNOSTIC,    23, -8.843589646562e-01, 8.151356875831e-04, 6.8568e+00, 1.7432e-02, 
 2DIAGNOSTIC,    24, -8.858315185939e-01, 7.747041788358e-04, 6.8734e+00, 1.6540e-02, 
 2DIAGNOSTIC,    25, -8.870023751475e-01, 7.236470938125e-04, 6.8854e+00, 1.2028e-02, 
 2DIAGNOSTIC,    26, -8.885571623080e-01, 6.655549761224e-04, 6.9056e+00, 2.0223e-02, 
 2DIAGNOSTIC,    27, -8.898989194783e-01, 5.879011047594e-04, 6.9376e+00, 3.1984e-02, 
 2DIAGNOSTIC,    28, -8.903206777743e-01, 4.862084132618e-04, 6.9542e+00, 1.6566e-02, 
 2DIAGNOSTIC,    29, -8.911090181298e-01, 3.801120771149e-04, 6.9699e+00, 1.5679e-02, 
 2DIAGNOSTIC,    30, -8.922612115661e-01, 3.072026609523e-04, 6.9843e+00, 1.4463e-02, 
 2DIAGNOSTIC,    31, -8.932106885045e-01, 2.599283961086e-04, 6.9965e+00, 1.2140e-02, 
 2DIAGNOSTIC,    32, -8.982658256988e-01, 2.715760411331e-04, 7.0164e+00, 1.9968e-02, 
 2DIAGNOSTIC,    33, -8.994479297579e-01, 2.900876035378e-04, 7.0331e+00, 1.6641e-02, 
 2DIAGNOSTIC,    34, -9.004694956693e-01, 3.053124551856e-04, 7.0548e+00, 2.1692e-02, 
 2DIAGNOSTIC,    35, -9.034327409897e-01, 3.310258082626e-04, 7.0798e+00, 2.4998e-02, 
 2DIAGNOSTIC,    36, -9.052554564426e-01, 3.545870163556e-04, 7.0990e+00, 1.9273e-02, 
 2DIAGNOSTIC,    37, -9.055587264285e-01, 3.575189571753e-04, 7.1116e+00, 1.2540e-02, 
 2DIAGNOSTIC,    38, -9.052440575864e-01, 3.275726155037e-04, 7.1234e+00, 1.1808e-02, 
 2DIAGNOSTIC,    39, -9.060874181116e-01, 2.828892201038e-04, 7.1428e+00, 1.9459e-02, 
 2DIAGNOSTIC,    40, -9.068229089829e-01, 2.293547577184e-04, 7.1717e+00, 2.8825e-02, 
 2DIAGNOSTIC,    41, -9.070482592500e-01, 1.650459119782e-04, 7.1891e+00, 1.7441e-02, 
 2DIAGNOSTIC,    42, -9.073193891119e-01, 1.310930300012e-04, 7.2058e+00, 1.6698e-02, 
 2DIAGNOSTIC,    43, -9.080053853142e-01, 1.012691941839e-04, 7.2224e+00, 1.6630e-02, 
 2DIAGNOSTIC,    44, -9.106727685755e-01, 9.063242856088e-05, 7.2376e+00, 1.5172e-02, 
 2DIAGNOSTIC,    45, -9.114643527694e-01, 9.874298657758e-05, 7.2627e+00, 2.5093e-02, 
 2DIAGNOSTIC,    46, -9.116756073203e-01, 1.119360944938e-04, 7.2787e+00, 1.6034e-02, 
 2DIAGNOSTIC,    47, -9.130178538636e-01, 1.260290645633e-04, 7.2992e+00, 2.0495e-02, 
 2DIAGNOSTIC,    48, -9.137004676129e-01, 1.296574418726e-04, 7.3156e+00, 1.6354e-02, 
 2DIAGNOSTIC,    49, -9.147566597538e-01, 1.331985246204e-04, 7.3300e+00, 1.4367e-02, 
 2DIAGNOSTIC,    50, -9.159312223718e-01, 1.364361743489e-04, 7.3483e+00, 1.8382e-02, 
 2DIAGNOSTIC,    51, -9.181860728184e-01, 1.427509196935e-04, 7.3607e+00, 1.2382e-02, 
 2DIAGNOSTIC,    52, -9.186328299277e-01, 1.395351898898e-04, 7.3765e+00, 1.5797e-02, 
 2DIAGNOSTIC,    53, -9.199947281236e-01, 1.355572214537e-04, 7.4008e+00, 2.4327e-02, 
 2DIAGNOSTIC,    54, -9.211453017617e-01, 1.419548679740e-04, 7.4168e+00, 1.5966e-02, 
 2DIAGNOSTIC,    55, -9.214730824147e-01, 1.411193921413e-04, 7.4330e+00, 1.6218e-02, 
 2DIAGNOSTIC,    56, -9.239082365895e-01, 1.421695832669e-04, 7.4508e+00, 1.7731e-02, 
 2DIAGNOSTIC,    57, -9.286613339107e-01, 1.643358768626e-04, 7.4677e+00, 1.6921e-02, 
 2DIAGNOSTIC,    58, -9.311753562758e-01, 1.873910314394e-04, 7.4817e+00, 1.4007e-02, 
 2DIAGNOSTIC,    59, -9.344398506121e-01, 2.156154189766e-04, 7.4970e+00, 1.5351e-02, 
 2DIAGNOSTIC,    60, -9.360953138221e-01, 2.373492952105e-04, 7.5132e+00, 1.6145e-02, 
 2DIAGNOSTIC,    61, -9.370805260185e-01, 2.528678354986e-04, 7.5331e+00, 1.9950e-02, 
 2DIAGNOSTIC,    62, -9.382810177165e-01, 2.518633807414e-04, 7.5595e+00, 2.6370e-02, 
 2DIAGNOSTIC,    63, -9.383733553658e-01, 2.339480091574e-04, 7.5756e+00, 1.6091e-02, 
 2DIAGNOSTIC,    64, -9.386482813404e-01, 2.017049686970e-04, 7.5875e+00, 1.1917e-02, 
 2DIAGNOSTIC,    65, -9.388695703644e-01, 1.539031094827e-04, 7.5995e+00, 1.1951e-02, 
 2DIAGNOSTIC,    66, -9.391506460676e-01, 1.058447126210e-04, 7.6180e+00, 1.8505e-02, 
 2DIAGNOSTIC,    67, -9.391950758641e-01, 7.224073251090e-05, 7.6339e+00, 1.5955e-02, 
 2DIAGNOSTIC,    68, -9.393471720262e-01, 4.520024784782e-05, 7.6578e+00, 2.3850e-02, 
 2DIAGNOSTIC,    69, -9.396870573934e-01, 3.148830097403e-05, 7.6731e+00, 1.5288e-02, 
 2DIAGNOSTIC,    70, -9.398532940667e-01, 2.350085355894e-05, 7.6926e+00, 1.9549e-02, 
 2DIAGNOSTIC,    71, -9.402338743501e-01, 1.959622878582e-05, 7.7072e+00, 1.4596e-02, 
 2DIAGNOSTIC,    72, -9.406425257527e-01, 2.116536753302e-05, 7.7258e+00, 1.8628e-02, 
 2DIAGNOSTIC,    73, -9.414840645930e-01, 2.477521175112e-05, 7.7458e+00, 1.9927e-02, 
 2DIAGNOSTIC,    74, -9.427690052935e-01, 3.262531253139e-05, 7.7624e+00, 1.6639e-02, 
 2DIAGNOSTIC,    75, -9.431682129680e-01, 3.967986347661e-05, 7.7833e+00, 2.0903e-02, 
 2DIAGNOSTIC,    76, -9.433365507618e-01, 4.471770206928e-05, 7.8025e+00, 1.9204e-02, 
 2DIAGNOSTIC,    77, -9.435353133260e-01, 4.640889700980e-05, 7.8200e+00, 1.7442e-02, 
 2DIAGNOSTIC,    78, -9.441997012820e-01, 4.689660854587e-05, 7.8339e+00, 1.3957e-02, 
 2DIAGNOSTIC,    79, -9.446284360347e-01, 4.586864290664e-05, 7.8574e+00, 2.3467e-02, 
 2DIAGNOSTIC,    80, -9.447865870055e-01, 4.175881235927e-05, 7.8738e+00, 1.6414e-02, 
 2DIAGNOSTIC,    81, -9.446491293573e-01, 3.482898343734e-05, 7.8901e+00, 1.6285e-02, 
 2DIAGNOSTIC,    82, -9.447699879809e-01, 2.683728813421e-05, 7.9104e+00, 2.0277e-02, 
 2DIAGNOSTIC,    83, -9.448454443140e-01, 1.985320603951e-05, 7.9341e+00, 2.3718e-02, 
 2DIAGNOSTIC,    84, -9.451225785341e-01, 1.703003214502e-05, 7.9506e+00, 1.6499e-02, 
 2DIAGNOSTIC,    85, -9.455137289735e-01, 1.563568339736e-05, 7.9688e+00, 1.8250e-02, 
 2DIAGNOSTIC,    86, -9.452883032703e-01, 1.260665224420e-05, 7.9851e+00, 1.6308e-02, 
 2DIAGNOSTIC,    87, -9.453289446454e-01, 9.357146002047e-06, 8.0018e+00, 1.6715e-02, 
 2DIAGNOSTIC,    88, -9.453696848576e-01, 7.823116717263e-06, 8.0183e+00, 1.6488e-02, 
 2DIAGNOSTIC,    89, -9.460292671355e-01, 9.442791375750e-06, 8.0494e+00, 3.1083e-02, 
 2DIAGNOSTIC,    90, -9.460967006513e-01, 1.088188370844e-05, 8.0646e+00, 1.5165e-02, 
 2DIAGNOSTIC,    91, -9.458746054054e-01, 1.005414597932e-05, 8.0797e+00, 1.5081e-02, 
 2DIAGNOSTIC,    92, -9.459165881149e-01, 8.958946538346e-06, 8.0958e+00, 1.6146e-02, 
 2DIAGNOSTIC,    93, -9.460601603892e-01, 7.760501104759e-06, 8.1238e+00, 2.8026e-02, 
 2DIAGNOSTIC,    94, -9.461801071127e-01, 7.104925642277e-06, 8.1410e+00, 1.7142e-02, 
 2DIAGNOSTIC,    95, -9.460157841340e-01, 6.580763924438e-06, 8.1575e+00, 1.6567e-02, 
 2DIAGNOSTIC,    96, -9.462747425799e-01, 5.648519897565e-06, 8.1777e+00, 2.0128e-02, 
 2DIAGNOSTIC,    97, -9.475407115464e-01, 8.488143979118e-06, 8.2074e+00, 2.9770e-02, 
 2DIAGNOSTIC,    98, -9.478528145230e-01, 1.142247777075e-05, 8.2240e+00, 1.6601e-02, 
 2DIAGNOSTIC,    99, -9.481872088392e-01, 1.641178782974e-05, 8.2408e+00, 1.6715e-02, 
 2DIAGNOSTIC,   100, -9.488546049314e-01, 2.214269773607e-05, 8.2622e+00, 2.1447e-02, 
 2DIAGNOSTIC,   101, -9.491269322462e-01, 2.575004511822e-05, 8.2788e+00, 1.6551e-02, 
 2DIAGNOSTIC,   102, -9.497376472086e-01, 2.877051565200e-05, 8.2988e+00, 2.0012e-02, 
 2DIAGNOSTIC,   103, -9.505470360732e-01, 3.184617019780e-05, 8.3818e+00, 8.3049e-02, 
 2DIAGNOSTIC,   104, -9.505470328295e-01, 3.219489879018e-05, 8.3989e+00, 1.7138e-02, 
 2DIAGNOSTIC,   105, -9.505470773369e-01, 2.901448471502e-05, 8.4154e+00, 1.6465e-02, 
 2DIAGNOSTIC,   106, -9.505471525840e-01, 2.381897437994e-05, 8.4279e+00, 1.2518e-02, 
 2DIAGNOSTIC,   107, -9.505472797841e-01, 2.015055562608e-05, 8.4412e+00, 1.3265e-02, 
 2DIAGNOSTIC,   108, -9.505474947591e-01, 1.550425363326e-05, 8.4566e+00, 1.5356e-02, 
 2DIAGNOSTIC,   109, -9.505478579400e-01, 1.041606094467e-05, 8.4733e+00, 1.6769e-02, 
 2DIAGNOSTIC,   110, -9.505484711074e-01, 6.391670262042e-06, 8.4924e+00, 1.9079e-02, 
 2DIAGNOSTIC,   111, -9.505495052076e-01, 2.605663841576e-06, 8.5098e+00, 1.7408e-02, 
